[sprite]
x=0
y=0
width=2136
height=2346
ox=1161.000000
oy=3962.000000
src=.qoi
