[sprite]
x=0
y=2346
width=385
height=692
ox=136.000000
oy=6.000000
src=.qoi
