[sprite]
x=2136
y=0
width=812
height=1312
ox=87.000000
oy=10.000000
src=.qoi
