[sprite]
x=1592
y=0
width=328
height=278
ox=18.000000
oy=274.000000
src=.qoi
