[sprite]
x=430
y=0
width=271
height=416
ox=103.000000
oy=410.000000
src=.qoi
