[sprite]
x=1136
y=0
width=272
height=411
ox=170.000000
oy=409.000000
src=.qoi
