[sprite]
x=701
y=411
width=186
height=277
ox=174.000000
oy=275.000000
src=.qoi
