[sprite]
x=0
y=0
width=430
height=417
ox=264.000000
oy=412.000000
src=.qoi
