[sprite]
x=701
y=0
width=435
height=411
ox=172.000000
oy=408.000000
src=.qoi
