[sprite]
x=0
y=432
width=598
height=431
ox=292.000000
oy=422.000000
src=.qoi
