[sprite]
x=1408
y=0
width=184
height=280
ox=14.000000
oy=278.000000
src=.qoi
