[sprite]
x=0
y=0
width=604
height=432
ox=319.000000
oy=428.000000
src=.qoi
