[sprite]
x=1592
y=278
width=339
height=277
ox=320.000000
oy=273.000000
src=.qoi
