x=919
y=327
width=52
height=48
ox=31.000000
oy=34.000000
src=.qoi
