x=702
y=134
width=81
height=111
ox=45.000000
oy=104.000000
src=.qoi
