x=472
y=152
width=62
height=84
ox=31.000000
oy=73.000000
src=.qoi
