[sprite]
x=783
y=243
width=136
height=102
ox=78.000000
oy=98.000000
src=.qoi
