x=680
y=245
width=61
height=81
ox=30.000000
oy=66.000000
src=.qoi
