x=564
y=245
width=116
height=86
ox=73.000000
oy=80.000000
src=.qoi
