[sprite]
x=283
y=155
width=148
height=103
ox=75.000000
oy=97.000000
src=.qoi
