[sprite]
x=549
y=331
width=117
height=80
ox=62.000000
oy=75.000000
src=.qoi
