[sprite]
x=791
y=0
width=80
height=131
ox=41.000000
oy=123.000000
src=.qoi
