x=118
y=267
width=105
height=80
ox=48.000000
oy=76.000000
src=.qoi
