[sprite]
x=565
y=0
width=137
height=135
ox=39.000000
oy=134.000000
src=.qoi
