[sprite]
x=871
y=0
width=83
height=122
ox=44.000000
oy=111.000000
src=.qoi
