[sprite]
x=283
y=0
width=189
height=155
ox=65.000000
oy=149.000000
src=.qoi
