x=680
y=326
width=53
height=56
ox=29.000000
oy=41.000000
src=.qoi
