[sprite]
x=871
y=122
width=142
height=121
ox=74.000000
oy=120.000000
src=.qoi
