x=791
y=131
width=63
height=86
ox=31.000000
oy=74.000000
src=.qoi
