[sprite]
x=565
y=135
width=92
height=110
ox=35.000000
oy=108.000000
src=.qoi
