x=472
y=0
width=93
height=152
ox=41.000000
oy=130.000000
src=.qoi
