x=283
y=155
width=61
height=81
ox=30.000000
oy=66.000000
src=.qoi
