[sprite]
x=919
y=243
width=62
height=84
ox=31.000000
oy=73.000000
src=.qoi
