[sprite]
x=337
y=258
width=54
height=79
ox=25.000000
oy=66.000000
src=.qoi
