[sprite]
x=0
y=0
width=94
height=174
ox=50.000000
oy=158.000000
src=.qoi
