x=344
y=155
width=54
height=79
ox=25.000000
oy=66.000000
src=.qoi
