[sprite]
x=702
y=0
width=89
height=134
ox=47.000000
oy=127.000000
src=.qoi
