x=0
y=267
width=118
height=81
ox=61.000000
oy=78.000000
src=.qoi
