x=431
y=155
width=133
height=102
ox=64.000000
oy=97.000000
src=.qoi
