x=94
y=0
width=189
height=164
ox=127.000000
oy=156.000000
src=.qoi
