x=231
y=258
width=106
height=82
ox=68.000000
oy=76.000000
src=.qoi
