[sprite]
x=431
y=257
width=118
height=85
ox=51.000000
oy=82.000000
src=.qoi
