[sprite]
x=94
y=164
width=137
height=103
ox=71.000000
oy=101.000000
src=.qoi
