x=614
y=440
width=150
height=117
ox=68.000000
oy=75.000000
src=.qoi
