[sprite]
x=0
y=0
width=614
height=523
ox=307.000000
oy=497.000000
src=.qoi
