x=920
y=0
width=103
height=102
ox=50.000000
oy=65.000000
src=.qoi
