[sprite]
x=614
y=0
width=306
height=440
ox=150.000000
oy=432.000000
src=.qoi
