x=121
y=160
width=171
height=117
ox=0.000000
oy=0.000000
src=.qoi
