x=588
y=0
width=269
height=146
ox=0.000000
oy=0.000000
src=.qoi
