[sprite]
x=588
y=146
width=231
height=135
ox=0.000000
oy=0.000000
src=.qoi
