x=757
y=380
width=163
height=64
ox=0.000000
oy=0.000000
src=.qoi
