[sprite]
x=819
y=274
width=176
height=106
ox=0.000000
oy=0.000000
src=.qoi
