[sprite]
x=101
y=277
width=179
height=105
ox=0.000000
oy=0.000000
src=.qoi
