[sprite]
x=369
y=0
width=219
height=148
ox=0.000000
oy=0.000000
src=.qoi
