x=363
y=309
width=162
height=64
ox=73.000000
oy=35.000000
src=.qoi
