[sprite]
x=417
y=371
width=235
height=75
ox=0.000000
oy=0.000000
src=.qoi
