x=121
y=0
width=176
height=160
ox=90.000000
oy=102.000000
src=.qoi
