x=366
y=208
width=118
height=70
ox=63.000000
oy=35.000000
src=.qoi
