[sprite]
x=0
y=346
width=41
height=57
ox=0.000000
oy=0.000000
src=.qoi
