x=271
y=283
width=80
height=29
ox=44.000000
oy=15.000000
src=.qoi
