x=366
y=278
width=69
height=53
ox=36.000000
oy=22.000000
src=.qoi
