[sprite]
x=297
y=0
width=72
height=157
ox=0.000000
oy=0.000000
src=.qoi
