x=0
y=160
width=193
height=75
ox=84.000000
oy=45.000000
src=.qoi
