x=215
y=123
width=214
height=85
ox=108.000000
oy=31.000000
src=.qoi
