x=0
y=299
width=102
height=33
ox=48.000000
oy=13.000000
src=.qoi
