x=0
y=325
width=102
height=33
ox=48.000000
oy=13.000000
src=.qoi
