[sprite]
x=748
y=281
width=70
height=86
ox=0.000000
oy=0.000000
src=.qoi
