x=0
y=250
width=173
height=75
ox=79.000000
oy=34.000000
src=.qoi
