x=652
y=371
width=105
height=71
ox=0.000000
oy=0.000000
src=.qoi
