x=611
y=281
width=137
height=90
ox=0.000000
oy=0.000000
src=.qoi
