x=193
y=208
width=173
height=75
ox=79.000000
oy=34.000000
src=.qoi
