x=173
y=307
width=69
height=53
ox=36.000000
oy=22.000000
src=.qoi
