x=489
y=148
width=79
height=93
ox=0.000000
oy=0.000000
src=.qoi
