x=369
y=148
width=120
height=122
ox=0.000000
oy=0.000000
src=.qoi
