[sprite]
x=0
y=0
width=61
height=176
ox=0.000000
oy=0.000000
src=.qoi
