x=176
y=0
width=39
height=134
ox=15.000000
oy=67.000000
src=.qoi
