x=41
y=382
width=146
height=53
ox=0.000000
oy=0.000000
src=.qoi
