x=215
y=0
width=246
height=123
ox=96.000000
oy=51.000000
src=.qoi
