x=292
y=270
width=125
height=107
ox=0.000000
oy=0.000000
src=.qoi
