x=819
y=146
width=183
height=128
ox=0.000000
oy=0.000000
src=.qoi
