x=162
y=283
width=109
height=44
ox=55.000000
oy=31.000000
src=.qoi
