[sprite]
x=61
y=0
width=60
height=162
ox=0.000000
oy=0.000000
src=.qoi
