[sprite]
x=857
y=0
width=53
height=140
ox=0.000000
oy=0.000000
src=.qoi
