[sprite]
x=0
y=288
width=100
height=58
ox=0.000000
oy=0.000000
src=.qoi
