[sprite]
x=0
y=176
width=101
height=112
ox=0.000000
oy=0.000000
src=.qoi
