x=127
y=280
width=106
height=185
ox=0.000000
oy=0.000000
src=.qoi
