x=1158
y=245
width=220
height=243
ox=0.000000
oy=0.000000
src=.qoi
