x=690
y=247
width=221
height=241
ox=0.000000
oy=0.000000
src=.qoi
