[sprite]
x=237
y=0
width=220
height=257
ox=0.000000
oy=0.000000
src=.qoi
