[sprite]
x=1158
y=0
width=232
height=245
ox=0.000000
oy=0.000000
src=.qoi
