x=1843
y=217
width=131
height=209
ox=0.000000
oy=0.000000
src=.qoi
