[sprite]
x=1843
y=0
width=144
height=217
ox=0.000000
oy=0.000000
src=.qoi
