x=237
y=257
width=128
height=193
ox=0.000000
oy=0.000000
src=.qoi
