x=925
y=0
width=233
height=247
ox=0.000000
oy=0.000000
src=.qoi
