[sprite]
x=1987
y=151
width=41
height=149
ox=0.000000
oy=0.000000
src=.qoi
