[sprite]
x=457
y=255
width=130
height=193
ox=0.000000
oy=0.000000
src=.qoi
