x=0
y=0
width=237
height=280
ox=0.000000
oy=0.000000
src=.qoi
