x=1622
y=243
width=221
height=243
ox=0.000000
oy=0.000000
src=.qoi
