[sprite]
x=1987
y=0
width=37
height=151
ox=0.000000
oy=0.000000
src=.qoi
