[sprite]
x=1378
y=245
width=220
height=242
ox=0.000000
oy=0.000000
src=.qoi
