[sprite]
x=911
y=247
width=133
height=195
ox=0.000000
oy=0.000000
src=.qoi
