x=0
y=280
width=127
height=191
ox=0.000000
oy=0.000000
src=.qoi
