x=1044
y=247
width=106
height=192
ox=0.000000
oy=0.000000
src=.qoi
