[sprite]
x=157
y=0
width=155
height=264
ox=140.000000
oy=263.000000
src=.qoi
