[sprite]
x=783
y=0
width=156
height=256
ox=141.000000
oy=253.000000
src=.qoi
