[sprite]
x=468
y=258
width=154
height=255
ox=11.000000
oy=254.000000
src=.qoi
