x=312
y=258
width=156
height=255
ox=142.000000
oy=255.000000
src=.qoi
