[sprite]
x=0
y=0
width=157
height=271
ox=141.000000
oy=266.000000
src=.qoi
