x=939
y=216
width=84
height=214
ox=71.000000
oy=213.000000
src=.qoi
