x=779
y=256
width=156
height=255
ox=144.000000
oy=253.000000
src=.qoi
