x=157
y=264
width=153
height=255
ox=10.000000
oy=254.000000
src=.qoi
