x=0
y=271
width=82
height=214
ox=70.000000
oy=212.000000
src=.qoi
