[sprite]
x=469
y=0
width=156
height=258
ox=142.000000
oy=254.000000
src=.qoi
