[sprite]
x=826
y=511
width=48
height=194
ox=26.000000
oy=193.000000
src=.qoi
