x=82
y=271
width=48
height=198
ox=24.000000
oy=196.000000
src=.qoi
