[sprite]
x=874
y=511
width=47
height=194
ox=26.000000
oy=193.000000
src=.qoi
