x=622
y=512
width=50
height=193
ox=37.000000
oy=191.000000
src=.qoi
