[sprite]
x=82
y=469
width=49
height=197
ox=25.000000
oy=197.000000
src=.qoi
