x=625
y=256
width=154
height=256
ox=13.000000
oy=254.000000
src=.qoi
