x=625
y=0
width=158
height=256
ox=12.000000
oy=252.000000
src=.qoi
