x=312
y=0
width=157
height=258
ox=12.000000
oy=255.000000
src=.qoi
