[sprite]
x=939
y=0
width=83
height=216
ox=12.000000
oy=214.000000
src=.qoi
