[sprite]
x=672
y=512
width=48
height=193
ox=35.000000
oy=191.000000
src=.qoi
