x=0
y=485
width=50
height=195
ox=14.000000
oy=193.000000
src=.qoi
