[sprite]
x=935
y=430
width=82
height=212
ox=11.000000
oy=211.000000
src=.qoi
