x=779
y=511
width=47
height=195
ox=13.000000
oy=195.000000
src=.qoi
