[sprite]
x=2822
y=743
width=895
height=678
ox=0.000000
oy=0.000000
src=.qoi
