[sprite]
x=2822
y=0
width=880
height=743
ox=0.000000
oy=0.000000
src=.qoi
