[sprite]
x=0
y=0
width=1041
height=892
ox=0.000000
oy=0.000000
src=.qoi
