[sprite]
x=2053
y=0
width=769
height=747
ox=0.000000
oy=0.000000
src=.qoi
