[sprite]
x=1041
y=0
width=1012
height=865
ox=0.000000
oy=0.000000
src=.qoi
